component N/Nv mu sigma gamma kappa eta varused pdftype site instrument
PCA1 -0.023143123989942605 -0.1587377053027379 -0.05068360867676662 0.5446642430857952 0.5717097150238941 0.5900735315109331 N_pdf flux drw_r1min RD69
PCA2 0.43692201404959474 0.6163036793729402 0.6351529112802629 0.1347817197411954 0.032816170393099205 0.08128157667494888 N_pdf flux drw_r1min RD69
PCA3 0.8938858575375912 -0.25387469330621343 -0.3459406921499777 -0.1223689823033576 0.042239980473736796 0.009075655754553456 N_pdf flux drw_r1min RD69
PCA4 -0.09518551839727417 0.4339537541019497 -0.2673761727072025 -0.6397859715190087 0.5468927603939087 0.1507184724342861 N_pdf flux drw_r1min RD69
PCA5 -0.0032753295306366505 0.5697863654406627 -0.6183674017153025 0.4795609923757962 -0.13584152738316851 -0.2110044087217152 N_pdf flux drw_r1min RD69
PCA6 -0.021461883631813797 0.13246657262878742 -0.14306896023532062 -0.1757718627552327 -0.5939210998310689 0.7601876391675613 N_pdf flux drw_r1min RD69
PCA1  -0.14899500213056513 -0.040889557158662326 0.5465759985112602 0.5723298033368972 0.591457359003376 pdf flux drw_r1min RD69
PCA2  0.6827983186271865 0.7123470904091249 0.14521877429813532 0.01713804604432878 0.07046895653172995 pdf flux drw_r1min RD69
PCA3  0.4148616742814426 -0.29402672124484697 -0.6477683270736413 0.5458266884798153 0.15462049990146054 pdf flux drw_r1min RD69
PCA4  0.5689358922967361 -0.6190414368611392 0.4797263906636243 -0.13702244774878086 -0.2102072520613792 pdf flux drw_r1min RD69
PCA5  0.12565304249764267 -0.14569026578300717 -0.17442754938321356 -0.5961903710613096 0.7596826513993238 pdf flux drw_r1min RD69
PCA1 0.04359176102388758 -0.089256959667899 0.04199963528167416 0.5532060636911994 0.5822609802499955 0.5859216552846368 N_pdf cloudplaw drw_r1min RD69
PCA2 0.3772524463255165 0.6462012627777655 0.6587468055077335 0.07011256700651587 -0.033993853171938315 -0.00926346876025172 N_pdf cloudplaw drw_r1min RD69
PCA3 0.9245960322372068 -0.2569709504939236 -0.26965060133213503 -0.0789695501509976 -0.011576362069080501 -0.0025414493653587236 N_pdf cloudplaw drw_r1min RD69
PCA4 -0.020543381235831427 0.5069849949302325 -0.3984535183295878 -0.5950240396042692 0.3819253148694703 0.28958319061823684 N_pdf cloudplaw drw_r1min RD69
PCA5 -0.018789774047010037 -0.49153629638903684 0.5637806812234771 -0.5715644974353261 0.10694642463722119 0.31947902080015156 N_pdf cloudplaw drw_r1min RD69
PCA6 -0.011288984105120446 0.09890064704164071 -0.12232484326884097 0.04551380841586132 -0.7087863378940485 0.6860599638734947 N_pdf cloudplaw drw_r1min RD69
PCA1  -0.10187202750211256 0.029179265386718223 0.5523005143638393 0.5831981904861159 0.5861865513053496 pdf cloudplaw drw_r1min RD69
PCA2  0.6944784366020418 0.712436470860255 0.09911665009133974 -0.015865494055593524 0.007625736424193855 pdf cloudplaw drw_r1min RD69
PCA3  0.5026762211050323 -0.4015742965546268 -0.5969204925438614 0.38138150789156233 0.29032528670746777 pdf cloudplaw drw_r1min RD69
PCA4  -0.49500101610725916 0.5609324924198542 -0.5715266660312541 0.10450384714612133 0.320569725562615 pdf cloudplaw drw_r1min RD69
PCA5  0.09804285744376422 -0.12520251097315382 0.046725015832022654 -0.7094048548481396 0.6850353670896605 pdf cloudplaw drw_r1min RD69
PCA1 0.045700551073147924 -0.13254732322260168 0.00668920482344295 0.5485679299790419 0.5841110500466256 0.5815371258044505 N_pdf cloudexpo drw_r1min RD69
PCA2 0.3526686660038251 0.6432042645587159 0.6719781175098727 0.1002826651282655 -0.0007919327050106284 0.0173567156402116 N_pdf cloudexpo drw_r1min RD69
PCA3 0.9342845589400999 -0.24877422888853534 -0.24016119269635172 -0.077435813460765 -0.03352603027378043 -0.020640919975516585 N_pdf cloudexpo drw_r1min RD69
PCA4 0.0015412411921267586 0.5128120351274414 -0.41265145288740995 -0.5843399832918619 0.3385775676212267 0.332644305924677 N_pdf cloudexpo drw_r1min RD69
PCA5 -0.02398448072107972 -0.48507863951495667 0.5535140096011875 -0.5735667638571488 0.0746938064720559 0.35098105649625627 N_pdf cloudexpo drw_r1min RD69
PCA6 -0.008426377449695476 0.09248456258041482 -0.11859293931137063 0.11219741258984137 -0.7331273595552888 0.6536415928263054 N_pdf cloudexpo drw_r1min RD69
PCA1  -0.14348822773974657 -0.00492598136934147 0.547343335217245 0.5845591705937153 0.5814574040079855 pdf cloudexpo drw_r1min RD69
PCA2  0.6849608734505797 0.7161964889160758 0.12747446528084938 0.019466339867043214 0.035531864848982575 pdf cloudexpo drw_r1min RD69
PCA3  0.5131260177477123 -0.4124743232586484 -0.5841835997948163 0.3386325201441041 0.33260210551696245 pdf cloudexpo drw_r1min RD69
PCA4  -0.4882654795623238 0.5497970990889944 -0.5745597004363917 0.07259051037842823 0.3520394008325524 pdf cloudexpo drw_r1min RD69
PCA5  0.09240260667358864 -0.12093968107068756 0.11303188249267163 -0.7334645675087654 0.6527548342002445 pdf cloudexpo drw_r1min RD69
