Variable N/Nv M1 M2 M3 M4 M5 M6 pdftype site instrument
N/Nv 0.0 0.010660435442239102 0.010358803741418144 0.010885969087524388 0.011053647058992169 0.012926411487591266 0.016125779788913563 flux drw_r1min RD69
M1 0.010660435442239102 0.0 0.4368608672188406 0.33577206400679793 0.28311215365107495 0.24309861392181206 0.214703142034742 flux drw_r1min RD69
M2 0.010358803741418144 0.4368608672188406 0.0 0.4784013162635206 0.37404309552706716 0.31903643442361107 0.2792241275402006 flux drw_r1min RD69
M3 0.010885969087524388 0.33577206400679793 0.4784013162635206 0.0 0.5102397657801048 0.40876100639655305 0.34929407470775997 flux drw_r1min RD69
M4 0.011053647058992169 0.28311215365107495 0.37404309552706716 0.5102397657801048 0.0 0.5459012377996961 0.4410038515390028 flux drw_r1min RD69
M5 0.012926411487591266 0.24309861392181206 0.31903643442361107 0.40876100639655305 0.5459012377996961 0.0 0.5813709463084811 flux drw_r1min RD69
M6 0.016125779788913563 0.214703142034742 0.2792241275402006 0.34929407470775997 0.4410038515390028 0.5813709463084811 0.0 flux drw_r1min RD69
N/Nv 0.0 0.010009707655460009 0.011675592695809095 0.012476378131759155 0.013573990433646264 0.014450412898088296 0.016972862203326715 cloudplaw drw_r1min RD69
M1 0.010009707655460009 0.0 0.3991512145565625 0.29753842826307436 0.24329432798863923 0.20603630921792512 0.17850192451322372 cloudplaw drw_r1min RD69
M2 0.011675592695809095 0.3991512145565625 0.0 0.43205598265137724 0.32915534224067683 0.27468217260892025 0.23595716978797301 cloudplaw drw_r1min RD69
M3 0.012476378131759155 0.29753842826307436 0.43205598265137724 0.0 0.4723951282971969 0.3672689700709541 0.31023037639378853 cloudplaw drw_r1min RD69
M4 0.013573990433646264 0.24329432798863923 0.32915534224067683 0.4723951282971969 0.0 0.5065418079710411 0.4037972899326813 cloudplaw drw_r1min RD69
M5 0.014450412898088296 0.20603630921792512 0.27468217260892025 0.3672689700709541 0.5065418079710411 0.0 0.544391782489556 cloudplaw drw_r1min RD69
M6 0.016972862203326715 0.17850192451322372 0.23595716978797301 0.31023037639378853 0.4037972899326813 0.544391782489556 0.0 cloudplaw drw_r1min RD69
N/Nv 0.0 0.00955781311470078 0.012086395123327933 0.01366751547950723 0.01375795701049632 0.014761737235790174 0.017681273097561494 cloudexpo drw_r1min RD69
M1 0.00955781311470078 0.0 0.3874676620386701 0.28405874300038503 0.22892987077087368 0.19218380764206147 0.16702612418979915 cloudexpo drw_r1min RD69
M2 0.012086395123327933 0.3874676620386701 0.0 0.4181145017732039 0.3133201933500142 0.2609123027860232 0.22402919369422722 cloudexpo drw_r1min RD69
M3 0.01366751547950723 0.28405874300038503 0.4181145017732039 0.0 0.4541477032708705 0.35431852159607874 0.29796824321871485 cloudexpo drw_r1min RD69
M4 0.01375795701049632 0.22892987077087368 0.3133201933500142 0.4541477032708705 0.0 0.49420187100295976 0.39342081359563835 cloudexpo drw_r1min RD69
M5 0.014761737235790174 0.19218380764206147 0.2609123027860232 0.35431852159607874 0.49420187100295976 0.0 0.5341194621622298 cloudexpo drw_r1min RD69
M6 0.017681273097561494 0.16702612418979915 0.22402919369422722 0.29796824321871485 0.39342081359563835 0.5341194621622298 0.0 cloudexpo drw_r1min RD69
