Variable N/Nv mu sigma gamma kappa eta omega pdftype site instrument
N 0.9999999999999524 0.39597241698642904 0.365324943885734 0.02599521198155281 0.007539627420588695 0.03869101377176408 0.03070291506828743 flux drw_r1min RD69
mu 0.39597241698642904 1.0000000000000016 0.8464378174682138 -0.09641212107065994 -0.15420862810377572 -0.1391575050563317 -0.14699380679941534 flux drw_r1min RD69
sigma 0.365324943885734 0.8464378174682138 1.0000000000000056 0.16157870076631803 -0.07784197558593607 0.019582541286125965 -0.07514492728982197 flux drw_r1min RD69
gamma 0.02599521198155281 -0.09641212107065994 0.16157870076631803 0.9999999999999997 0.7529843635060587 0.8576528030502917 0.6443795744478419 flux drw_r1min RD69
kappa 0.007539627420588695 -0.15420862810377572 -0.07784197558593607 0.7529843635060587 0.9999999999999997 0.9346897025175093 0.9275295825692558 flux drw_r1min RD69
eta 0.03869101377176408 -0.1391575050563317 0.019582541286125965 0.8576528030502917 0.9346897025175093 1.0000000000000007 0.9350218961720653 flux drw_r1min RD69
omega 0.03070291506828743 -0.14699380679941534 -0.07514492728982197 0.6443795744478419 0.9275295825692558 0.9350218961720653 0.999999999999996 flux drw_r1min RD69
Nv 0.9999999999999979 0.2687046922365191 0.2875299708825239 0.06256092853533958 0.033851181506552405 0.059329533007624814 0.05224040571366931 cloudplaw drw_r1min RD69
mu 0.2687046922365191 1.0000000000000016 0.7978404770322571 -0.08943546358772456 -0.13571461294499548 -0.1275662816686737 -0.1264994462233482 cloudplaw drw_r1min RD69
sigma 0.2875299708825239 0.7978404770322571 1.0000000000000042 0.20878732984796142 -0.009403587933473363 0.03926682719912242 -0.029834266724037932 cloudplaw drw_r1min RD69
gamma 0.06256092853533958 -0.08943546358772456 0.20878732984796142 0.9999999999999981 0.814824820318563 0.8285537482714526 0.6480999448105373 cloudplaw drw_r1min RD69
kappa 0.033851181506552405 -0.13571461294499548 -0.009403587933473363 0.814824820318563 1.0000000000000053 0.967476309792557 0.9073360929073888 cloudplaw drw_r1min RD69
eta 0.059329533007624814 -0.1275662816686737 0.03926682719912242 0.8285537482714526 0.967476309792557 1.0000000000000029 0.9552922788223318 cloudplaw drw_r1min RD69
omega 0.05224040571366931 -0.1264994462233482 -0.029834266724037932 0.6480999448105373 0.9073360929073888 0.9552922788223318 0.9999999999999961 cloudplaw drw_r1min RD69
Nv 1.0000000000000029 0.2186062401931927 0.25976186291711506 0.07622757777864064 0.04684059380860595 0.06821475581564915 0.060824354816153135 cloudexpo drw_r1min RD69
mu 0.2186062401931927 1.000000000000005 0.7865618694346709 -0.1223306221255883 -0.16296526379346296 -0.15415203181334397 -0.14353354148465097 cloudexpo drw_r1min RD69
sigma 0.25976186291711506 0.7865618694346709 0.9999999999999949 0.19407472654981658 -0.018454277072394814 0.01486834803628152 -0.04299537603458506 cloudexpo drw_r1min RD69
gamma 0.07622757777864064 -0.1223306221255883 0.19407472654981658 0.9999999999999983 0.8288408893435217 0.8158480832548931 0.6397469928917972 cloudexpo drw_r1min RD69
kappa 0.04684059380860595 -0.16296526379346296 -0.018454277072394814 0.8288408893435217 1.0000000000000036 0.9711392243264352 0.8981150478955932 cloudexpo drw_r1min RD69
eta 0.06821475581564915 -0.15415203181334397 0.01486834803628152 0.8158480832548931 0.9711392243264352 0.9999999999999968 0.9576558186369994 cloudexpo drw_r1min RD69
omega 0.060824354816153135 -0.14353354148465097 -0.04299537603458506 0.6397469928917972 0.8981150478955932 0.9576558186369994 0.9999999999999999 cloudexpo drw_r1min RD69
