component N/Nv mu sigma gamma kappa eta varused pdftype site instrument
PCA1 0.24240252021565706 0.3663684774785545 0.43264119782548527 0.49985350532262923 0.36445107607225413 0.4869893604728237 N_pdf flux ale_2dvd 2DVD
PCA2 -0.29508106961199954 -0.529008643376297 -0.438061686301473 0.16538264006265094 0.525558381784285 0.3709662333511091 N_pdf flux ale_2dvd 2DVD
PCA3 0.9165538427236664 -0.23175077000799793 -0.23179546268490364 -0.17018631564444342 0.1526066216212093 -0.015470438668736597 N_pdf flux ale_2dvd 2DVD
PCA4 -0.11151462899472481 0.4714156471838048 -0.057682622624994934 -0.5768492628577364 0.6410015722166098 -0.13552270110157397 N_pdf flux ale_2dvd 2DVD
PCA5 0.03647517943693904 0.5566176166386324 -0.7497169869747624 0.258184505135667 -0.21214719559267153 0.12290304424249082 N_pdf flux ale_2dvd 2DVD
PCA6 -0.018201174232155462 0.012636889716982222 0.04232695247850468 -0.542602398445026 -0.3343434930448327 0.769099812266925 N_pdf flux ale_2dvd 2DVD
PCA1  0.36014497555795305 0.43072810608199164 0.522622825321196 0.3871071755648358 0.5116466674286932 pdf flux ale_2dvd 2DVD
PCA2  -0.5911719190543303 -0.5030642324142465 0.10585873200871887 0.5229002054873284 0.3358741492671039 pdf flux ale_2dvd 2DVD
PCA3  0.44591813263923347 -0.06743897985890523 -0.597104444675188 0.648847173346603 -0.13810369570865058 pdf flux ale_2dvd 2DVD
PCA4  0.56730499705779 -0.7453824788215192 0.2588787535289206 -0.20398490180780277 0.1180760406895556 pdf flux ale_2dvd 2DVD
PCA5  0.011550670923426775 0.0354488498820888 -0.5404695962135563 -0.3378030716291805 0.7696698392232232 pdf flux ale_2dvd 2DVD
PCA1 0.1788659137032467 0.2708623826289529 0.4111394931955372 0.5128098322948638 0.4600210530548563 0.5010105571488506 N_pdf cloud ale_2dvd 2DVD
PCA2 -0.2631520739809143 -0.6257906613711397 -0.4851386863942441 0.09826794206661654 0.4163816011138748 0.34748706865108125 N_pdf cloud ale_2dvd 2DVD
PCA3 0.932617487585237 -0.33976233211171203 -0.07712191249946748 -0.09292950868468189 0.013787576428109016 -0.003521262912397044 N_pdf cloud ale_2dvd 2DVD
PCA4 0.129093300441342 0.6028096378406046 -0.505900342983591 -0.4329870873287492 0.4040143483724965 0.11539017199241468 N_pdf cloud ale_2dvd 2DVD
PCA5 -0.11097946996544109 -0.23394526935491708 0.5767275534806913 -0.6888875085355213 0.3452959253572617 0.08089018336124652 N_pdf cloud ale_2dvd 2DVD
PCA6 -0.0010342882566051607 0.03835788013151975 -0.033273934787916244 -0.2380961500520701 -0.5765067440864903 0.7799811830400295 N_pdf cloud ale_2dvd 2DVD
PCA1  0.27218455218718224 0.40683456725882317 0.5236070380313393 0.47225956743111097 0.51303779113026 pdf cloud ale_2dvd 2DVD
PCA2  -0.6853405679903073 -0.5063049314773767 0.06483307183485315 0.4019826386602651 0.3288924645542963 pdf cloud ale_2dvd 2DVD
PCA3  0.6376693552486451 -0.5278738125968194 -0.38646332967338837 0.38979292353435224 0.11590773456320823 pdf cloud ale_2dvd 2DVD
PCA4  -0.21934274347842891 0.5462025687923889 -0.7181784171935401 0.361721846542423 0.08323810148767434 pdf cloud ale_2dvd 2DVD
PCA5  0.03860608342630525 -0.03395501530125633 -0.237693496788707 -0.57671452355736 0.7799094736959777 pdf cloud ale_2dvd 2DVD
