Variable N/Nv M1 M2 M3 M4 M5 M6 pdftype site instrument
N/Nv 0.0 0.009892437223147256 0.008773838029688999 0.01464086591504221 0.017509619462718225 0.019525513286824874 0.019781595094381533 flux ale_2dvd 2DVD
M1 0.009892437223147256 0.0 0.6255920877284447 0.49421527970768847 0.40365266238790104 0.3533931694663089 0.317197655785987 flux ale_2dvd 2DVD
M2 0.008773838029688999 0.6255920877284447 0.0 0.6728175934125108 0.5392780236713627 0.46513827399621127 0.3891825106665546 flux ale_2dvd 2DVD
M3 0.01464086591504221 0.49421527970768847 0.6728175934125108 0.0 0.6952573059679794 0.5913644436510643 0.4921053770155483 flux ale_2dvd 2DVD
M4 0.017509619462718225 0.40365266238790104 0.5392780236713627 0.6952573059679794 0.0 0.7478999111761178 0.6193604647819022 flux ale_2dvd 2DVD
M5 0.019525513286824874 0.3533931694663089 0.46513827399621127 0.5913644436510643 0.7478999111761178 0.0 0.781093545287958 flux ale_2dvd 2DVD
M6 0.019781595094381533 0.317197655785987 0.3891825106665546 0.4921053770155483 0.6193604647819022 0.781093545287958 0.0 flux ale_2dvd 2DVD
N/Nv 0.0 0.007482790928037011 0.006381377214989154 0.005556850635328165 0.00582713106312987 0.006047273316213347 0.008734546615846188 cloud2dvd ale_2dvd 2DVD
M1 0.007482790928037011 0.0 0.4888135548112428 0.34031424268051563 0.2743703525045261 0.23286958475886 0.2119049235467003 cloud2dvd ale_2dvd 2DVD
M2 0.006381377214989154 0.4888135548112428 0.0 0.5103758735528555 0.37930568122284886 0.30091430383339857 0.2591970760761288 cloud2dvd ale_2dvd 2DVD
M3 0.005556850635328165 0.34031424268051563 0.5103758735528555 0.0 0.5900859475641979 0.43684428138184317 0.36606967859224304 cloud2dvd ale_2dvd 2DVD
M4 0.00582713106312987 0.2743703525045261 0.37930568122284886 0.5900859475641979 0.0 0.6373813840690827 0.5090270744925742 cloud2dvd ale_2dvd 2DVD
M5 0.006047273316213347 0.23286958475886 0.30091430383339857 0.43684428138184317 0.6373813840690827 0.0 0.684585065722996 cloud2dvd ale_2dvd 2DVD
M6 0.008734546615846188 0.2119049235467003 0.2591970760761288 0.36606967859224304 0.5090270744925742 0.684585065722996 0.0 cloud2dvd ale_2dvd 2DVD
