Variable N/Nv mu sigma gamma kappa eta pdftype site instrument
N 0.0 0.009924301410170866 0.012154815336820673 0.00038080674849920335 -0.0011913135948229713 0.004702646002023038 flux ale_2dvd 2DVD
mu 0.009924301410170866 0.0 0.19640446717267604 0.05670820864160554 0.009741629483650295 0.04584251523964932 flux ale_2dvd 2DVD
sigma 0.012154815336820673 0.19640446717267604 0.0 0.08238746876515127 0.010449109513281837 0.06297981715923195 flux ale_2dvd 2DVD
gamma 0.00038080674849920335 0.05670820864160554 0.08238746876515127 0.0 0.10276254601063133 0.33427697404773815 flux ale_2dvd 2DVD
kappa -0.0011913135948229713 0.009741629483650295 0.010449109513281837 0.10276254601063133 0.0 0.2371019267962112 flux ale_2dvd 2DVD
eta 0.004702646002023038 0.04584251523964932 0.06297981715923195 0.33427697404773815 0.2371019267962112 0.0 flux ale_2dvd 2DVD
Nv 0.0 0.005776506161398438 0.008347239303348903 0.003687559593085152 0.006196027959375525 0.004878467496953821 cloud ale_2dvd 2DVD
mu 0.005776506161398438 0.0 0.12484429943244195 0.04385429661321121 0.023900481614640954 0.023729412406821047 cloud ale_2dvd 2DVD
sigma 0.008347239303348903 0.12484429943244195 0.0 0.08906680152336957 0.02601558668681421 0.05173564076620311 cloud ale_2dvd 2DVD
gamma 0.003687559593085152 0.04385429661321121 0.08906680152336957 0.0 0.15256781907357206 0.3363930012589662 cloud ale_2dvd 2DVD
kappa 0.006196027959375525 0.023900481614640954 0.02601558668681421 0.15256781907357206 0.0 0.3067672719857099 cloud ale_2dvd 2DVD
eta 0.004878467496953821 0.023729412406821047 0.05173564076620311 0.3363930012589662 0.3067672719857099 0.0 cloud ale_2dvd 2DVD
