Variable N/Nv mu sigma gamma kappa eta omega pdftype site instrument
N 1.0 0.3229381461277352 0.3483056123229506 0.21137371120106493 0.14209274116787254 0.2086330133455063 0.1299591901563678 flux ale_2dvd 2DVD
mu 0.3229381461277352 1.0 0.8177361835998282 0.4122059393552416 0.07648809644633163 0.27128057110739395 0.05147473740093604 flux ale_2dvd 2DVD
sigma 0.3483056123229506 0.8177361835998282 1.0 0.596066712880287 0.14473314938921533 0.42659707645214845 0.11807938026087957 flux ale_2dvd 2DVD
gamma 0.21137371120106493 0.4122059393552416 0.596066712880287 1.0 0.5607891182417286 0.8713960402150087 0.4905743999673612 flux ale_2dvd 2DVD
kappa 0.14209274116787254 0.07648809644633163 0.14473314938921533 0.5607891182417286 1.0 0.7978072147435616 0.9102753499046484 flux ale_2dvd 2DVD
eta 0.2086330133455063 0.27128057110739395 0.42659707645214845 0.8713960402150087 0.7978072147435616 1.0 0.8256198187835947 flux ale_2dvd 2DVD
omega 0.1299591901563678 0.05147473740093604 0.11807938026087957 0.4905743999673612 0.9102753499046484 0.8256198187835947 1.0 flux ale_2dvd 2DVD
Nv 1.0 0.11492017568443895 0.3046787822514965 0.16908883102121794 0.1383877812085501 0.16249398059771566 0.112150956730237 cloud2dvd ale_2dvd 2DVD
mu 0.11492017568443895 1.0 0.6538779756401224 0.31981209653103093 0.1139496473183359 0.1636988951561188 0.04092368330359105 cloud2dvd ale_2dvd 2DVD
sigma 0.3046787822514965 0.6538779756401224 1.0 0.6257852897641065 0.288878990421925 0.4128668963041967 0.1906138911838671 cloud2dvd ale_2dvd 2DVD
gamma 0.16908883102121794 0.31981209653103093 0.6257852897641065 1.0 0.7099256015624618 0.8226734552593533 0.5423181388895639 cloud2dvd ale_2dvd 2DVD
kappa 0.1383877812085501 0.1139496473183359 0.288878990421925 0.7099256015624618 1.0 0.9179381156871607 0.878668811370927 cloud2dvd ale_2dvd 2DVD
eta 0.16249398059771566 0.1636988951561188 0.4128668963041967 0.8226734552593533 0.9179381156871607 1.0 0.9125148866901651 cloud2dvd ale_2dvd 2DVD
omega 0.112150956730237 0.04092368330359105 0.1906138911838671 0.5423181388895639 0.878668811370927 0.9125148866901651 1.0 cloud2dvd ale_2dvd 2DVD
