component N/Nv mu sigma gamma kappa eta varused pdftype site instrument
PCA1 0.1985628035985421 0.2506428067205906 0.3346092224065499 0.5186321331856519 0.5100375541576073 0.5066261624936299 N_pdf flux pes_r1min PARSIVEL
PCA2 -0.0644064666615217 -0.6646868546531666 -0.5912780046783117 0.1252774857940796 0.3139259378446326 0.30031578478091314 N_pdf flux pes_r1min PARSIVEL
PCA3 0.9739573756310319 -0.04797068068556681 -0.14064258068409674 -0.15336134629686174 -0.0549074432409981 -0.05282971593473115 N_pdf flux pes_r1min PARSIVEL
PCA4 -0.08415885808400105 0.3530772507323904 -0.16778862038283843 -0.7469793811045392 0.28147088261994546 0.45044052541163204 N_pdf flux pes_r1min PARSIVEL
PCA5 -0.027060305698989054 0.604605022847723 -0.692935506371996 0.3334800790754904 0.03100529687533113 -0.20344679559345671 N_pdf flux pes_r1min PARSIVEL
PCA6 0.004083747623479344 0.05345656037971897 -0.10165636645899852 0.15039747506827855 -0.7470677247591762 0.6372300341574506 N_pdf flux pes_r1min PARSIVEL
PCA1  0.24801271281455756 0.33853215388642677 0.5328839137006315 0.5213779635467853 0.5177696676267217 pdf flux pes_r1min PARSIVEL
PCA2  -0.6699248207005906 -0.6008388268797249 0.11266309041991826 0.30459953580412347 0.29106629754752517 pdf flux pes_r1min PARSIVEL
PCA3  0.358084063253127 -0.18476756528752875 -0.7513764525531129 0.2784720726126982 0.4421803724560112 pdf flux pes_r1min PARSIVEL
PCA4  0.5986851003935015 -0.6925945277023989 0.34088493562729544 0.027065148888540627 -0.21202336932878194 pdf flux pes_r1min PARSIVEL
PCA5  0.055157801828928606 -0.1027737900109856 0.15024197079113966 -0.7463946170800998 0.63774414210624 pdf flux pes_r1min PARSIVEL
PCA1 0.1464254148911753 0.25453443923813646 0.3447251993479359 0.5231541006283149 0.5292010085639575 0.4911134630417581 N_pdf cloudplaw pes_r1min PARSIVEL
PCA2 0.07686177468815172 -0.6622910896608524 -0.5942894669559549 0.0849030385528668 0.2976282356381958 0.32633068658681275 N_pdf cloudplaw pes_r1min PARSIVEL
PCA3 0.9821388695561559 0.06695530008050568 -0.04382582866031933 -0.1339459685352539 -0.08262943869207952 -0.06504136233894708 N_pdf cloudplaw pes_r1min PARSIVEL
PCA4 -0.08140749881325152 0.3759424118872391 -0.16100883451409542 -0.7032988279182275 0.11909361372903413 0.563297210278549 N_pdf cloudplaw pes_r1min PARSIVEL
PCA5 -0.0369922982492398 0.590699131969809 -0.7002135886026988 0.30829493656514806 0.09556661684722592 -0.23500699889396987 N_pdf cloudplaw pes_r1min PARSIVEL
PCA6 0.007713324827888393 0.042913378138025066 -0.09920155586739483 0.3338932902748432 -0.7753836693279988 0.5249318374410706 N_pdf cloudplaw pes_r1min PARSIVEL
PCA1  0.25923312837882534 0.3536855519793902 0.5300666817733215 0.532324138369635 0.4933204233100511 pdf cloudplaw pes_r1min PARSIVEL
PCA2  -0.6619450342350659 -0.5883506651017043 0.09631418707114389 0.30709974821392216 0.33479185853555393 pdf cloudplaw pes_r1min PARSIVEL
PCA3  0.3853744036899284 -0.17257225510729063 -0.7070921154845384 0.11667402029307784 0.5550795429090032 pdf cloudplaw pes_r1min PARSIVEL
PCA4  0.586593849238542 -0.6991123253095461 0.313372171720374 0.09400735570945107 -0.24517363581666593 pdf cloudplaw pes_r1min PARSIVEL
PCA5  0.04495755574547795 -0.10104849609410284 0.33402322142854507 -0.7745131028053295 0.5256671577603751 pdf cloudplaw pes_r1min PARSIVEL
PCA1 0.13866154287232804 0.23971236746575342 0.33328063192983803 0.5267576013119353 0.5369339565866006 0.4964507362438211 N_pdf cloudexpo pes_r1min PARSIVEL
PCA2 0.1119059316431479 -0.6658093100405107 -0.6022720537481336 0.07499733916789317 0.2801338852340427 0.31199968567593284 N_pdf cloudexpo pes_r1min PARSIVEL
PCA3 0.9806202395565485 0.08834279668662375 -0.011475032576796355 -0.13029403223329777 -0.09020232032756674 -0.07303989488571537 N_pdf cloudexpo pes_r1min PARSIVEL
PCA4 -0.0760664215682483 0.3858572483737664 -0.18038521394314389 -0.6908419018756294 0.11154588879430272 0.5684049958294397 N_pdf cloudexpo pes_r1min PARSIVEL
PCA5 -0.027869167166970087 0.5843660677043393 -0.6973358770525668 0.3262162249257812 0.08231099986447865 -0.2413921227152946 N_pdf cloudexpo pes_r1min PARSIVEL
PCA6 0.008437641532045414 0.032587982664196546 -0.08511501893219821 0.3409482877948737 -0.7783783707233011 0.5191374001006955 N_pdf cloudexpo pes_r1min PARSIVEL
PCA1  0.24617861161136415 0.3430459429746475 0.5327572505483812 0.5389323131324538 0.49743064445565516 pdf cloudexpo pes_r1min PARSIVEL
PCA2  -0.6668261566218555 -0.5959132034022847 0.09115188248956857 0.29420055466733414 0.32460391064772026 pdf cloudexpo pes_r1min PARSIVEL
PCA3  0.3939444853037128 -0.18782689775867478 -0.694935580298765 0.10874264137586953 0.5610422231513095 pdf cloudexpo pes_r1min PARSIVEL
PCA4  0.5817065592906905 -0.6960087458665646 0.32965314201826246 0.08113842192643363 -0.24886676555983406 pdf cloudexpo pes_r1min PARSIVEL
PCA5  0.03412021991437688 -0.08660148483176333 0.3409609823704814 -0.7775535929625834 0.5200884655420285 pdf cloudexpo pes_r1min PARSIVEL
