Variable N/Nv mu sigma gamma kappa eta pdftype site instrument
N 0.0 0.0022580889068402983 0.0008060197629029094 0.0055923101025537785 0.012147654468975706 0.01413621611391424 flux pes_r1min PARSIVEL
mu 0.0022580889068402983 0.0 0.18237829197270242 0.03199693287441702 0.016420152608975582 0.019678902359037635 flux pes_r1min PARSIVEL
sigma 0.0008060197629029094 0.18237829197270242 0.0 0.053056128184713565 0.019734576460839967 0.02388559307705168 flux pes_r1min PARSIVEL
gamma 0.0055923101025537785 0.03199693287441702 0.053056128184713565 0.0 0.20118949363380498 0.27834776118036375 flux pes_r1min PARSIVEL
kappa 0.012147654468975706 0.016420152608975582 0.019734576460839967 0.20118949363380498 0.0 0.39725092623572844 flux pes_r1min PARSIVEL
eta 0.01413621611391424 0.019678902359037635 0.02388559307705168 0.27834776118036375 0.39725092623572844 0.0 flux pes_r1min PARSIVEL
Nv 0.0 0.0030984379556737085 0.0014590635109895396 0.002233150639524699 0.005612026879826069 0.005947481854664576 cloudplaw pes_r1min PARSIVEL
mu 0.0030984379556737085 0.0 0.14568988418555917 0.02747913600671783 0.023470044543593277 0.018774937128277717 cloudplaw pes_r1min PARSIVEL
sigma 0.0014590635109895396 0.14568988418555917 0.0 0.05409702726314563 0.02934432513324946 0.02498081306466286 cloudplaw pes_r1min PARSIVEL
gamma 0.002233150639524699 0.02747913600671783 0.05409702726314563 0.0 0.23359841694254332 0.2772644536346412 cloudplaw pes_r1min PARSIVEL
kappa 0.005612026879826069 0.023470044543593277 0.02934432513324946 0.23359841694254332 0.0 0.44308605231811216 cloudplaw pes_r1min PARSIVEL
eta 0.005947481854664576 0.018774937128277717 0.02498081306466286 0.2772644536346412 0.44308605231811216 0.0 cloudplaw pes_r1min PARSIVEL
Nv 0.0 0.001774353293772986 -9.372265542714644e-05 0.0016211520767478273 0.003989578134282054 0.006833514559009194 cloudexpo pes_r1min PARSIVEL
mu 0.001774353293772986 0.0 0.1389130170851908 0.0263376249477311 0.02368363713565541 0.01876996715599446 cloudexpo pes_r1min PARSIVEL
sigma -9.372265542714644e-05 0.1389130170851908 0.0 0.05149020153376845 0.031197871942146838 0.02556032873032909 cloudexpo pes_r1min PARSIVEL
gamma 0.0016211520767478273 0.0263376249477311 0.05149020153376845 0.0 0.24606027972420494 0.27899641514249723 cloudexpo pes_r1min PARSIVEL
kappa 0.003989578134282054 0.02368363713565541 0.031197871942146838 0.24606027972420494 0.0 0.4502956770510374 cloudexpo pes_r1min PARSIVEL
eta 0.006833514559009194 0.01876996715599446 0.02556032873032909 0.27899641514249723 0.4502956770510374 0.0 cloudexpo pes_r1min PARSIVEL
