Variable N/Nv mu sigma gamma kappa eta omega pdftype site instrument
N 1.0000000000000036 0.17327211830407158 0.1458833555547384 0.17607133960558635 0.22029917830264054 0.21927612290188975 0.18703089525957733 flux pes_r1min PARSIVEL
mu 0.17327211830407158 0.9999999999999962 0.8747301659113588 0.22409264716100447 0.0616550715438017 0.07697616988193419 0.018162886269630987 flux pes_r1min PARSIVEL
sigma 0.1458833555547384 0.8747301659113588 1.0 0.42959184559581715 0.2047022963331453 0.21803021593551544 0.11618865090142794 flux pes_r1min PARSIVEL
gamma 0.17607133960558635 0.22409264716100447 0.42959184559581715 0.9999999999999984 0.8322802505750972 0.7968743694271121 0.5757543931192666 flux pes_r1min PARSIVEL
kappa 0.22029917830264054 0.0616550715438017 0.2047022963331453 0.8322802505750972 0.9999999999999989 0.9595421799256527 0.8560979368311389 flux pes_r1min PARSIVEL
eta 0.21927612290188975 0.07697616988193419 0.21803021593551544 0.7968743694271121 0.9595421799256527 1.0000000000000022 0.9426533189014834 flux pes_r1min PARSIVEL
omega 0.18703089525957733 0.018162886269630987 0.11618865090142794 0.5757543931192666 0.8560979368311389 0.9426533189014834 0.9999999999999993 flux pes_r1min PARSIVEL
Nv 1.000000000000002 0.0775328602189049 0.039833248460461615 0.1261625480772821 0.1843907918933321 0.17904967315257375 0.14702639839919845 cloudplaw pes_r1min PARSIVEL
mu 0.0775328602189049 1.0000000000000022 0.8298506228609528 0.23510012741768394 0.08840206501934332 0.057403261749506156 0.006935921080706313 cloudplaw pes_r1min PARSIVEL
sigma 0.039833248460461615 0.8298506228609528 0.9999999999999967 0.46044666551292335 0.2394084469836554 0.17569816166942268 0.07371518979616912 cloudplaw pes_r1min PARSIVEL
gamma 0.1261625480772821 0.23510012741768394 0.46044666551292335 0.9999999999999991 0.8383918003166423 0.687163505685178 0.4447064746216104 cloudplaw pes_r1min PARSIVEL
kappa 0.1843907918933321 0.08840206501934332 0.2394084469836554 0.8383918003166423 0.9999999999999989 0.9352723729624387 0.7732530779697024 cloudplaw pes_r1min PARSIVEL
eta 0.17904967315257375 0.057403261749506156 0.17569816166942268 0.687163505685178 0.9352723729624387 1.0000000000000002 0.9429049964377627 cloudplaw pes_r1min PARSIVEL
omega 0.14702639839919845 0.006935921080706313 0.07371518979616912 0.4447064746216104 0.7732530779697024 0.9429049964377627 0.9999999999999978 cloudplaw pes_r1min PARSIVEL
Nv 1.0000000000000004 0.04570296557554855 0.019601253743681914 0.11981157777969953 0.1814752506701077 0.17792139017904862 0.14948155986137163 cloudexpo pes_r1min PARSIVEL
mu 0.04570296557554855 0.9999999999999973 0.8189402419866013 0.2193683892584489 0.07902665101995737 0.04678849636609607 0.0026293361662524306 cloudexpo pes_r1min PARSIVEL
sigma 0.019601253743681914 0.8189402419866013 1.0000000000000022 0.4464224078052042 0.2325659798160213 0.1635135080524017 0.06872377457434009 cloudexpo pes_r1min PARSIVEL
gamma 0.11981157777969953 0.2193683892584489 0.4464224078052042 1.0000000000000004 0.8452637589194911 0.6850027267310098 0.4505374422230813 cloudexpo pes_r1min PARSIVEL
kappa 0.1814752506701077 0.07902665101995737 0.2325659798160213 0.8452637589194911 1.0000000000000002 0.9358151231759029 0.7774399213837244 cloudexpo pes_r1min PARSIVEL
eta 0.17792139017904862 0.04678849636609607 0.1635135080524017 0.6850027267310098 0.9358151231759029 1.0 0.9460401551351918 cloudexpo pes_r1min PARSIVEL
omega 0.14948155986137163 0.0026293361662524306 0.06872377457434009 0.4505374422230813 0.7774399213837244 0.9460401551351918 0.9999999999999999 cloudexpo pes_r1min PARSIVEL
