component N/Nv mu sigma gamma kappa eta varused pdftype site instrument
PCA1 0.1363999239106427 -0.2813321039946548 -0.19286060070667038 0.5116472675507131 0.5576340063487832 0.540660230907978 N_pdf flux bby_r1min RD80
PCA2 -0.0993848953172417 0.6312367986913207 0.6859144301536224 0.2035470080205492 0.19808090544993617 0.20128763372289338 N_pdf flux bby_r1min RD80
PCA3 0.985311768160968 0.10821816015767027 0.0907932443567073 -0.07102459552212197 -0.04691768715729383 -0.04427610616922256 N_pdf flux bby_r1min RD80
PCA4 -0.025547707282014307 0.28657158915560094 -0.26740358619408994 -0.7359411056422613 0.2643577815393405 0.4839679879885145 N_pdf flux bby_r1min RD80
PCA5 -0.0010049990134871354 -0.60939377921738 0.5937201373801724 -0.27822331701064174 -0.22160821157857488 0.38680252937377946 N_pdf flux bby_r1min RD80
PCA6 0.004972674639877103 0.23915920887968248 -0.2451009802940145 0.2696732668662819 -0.7270569196368969 0.5304415326118969 N_pdf flux bby_r1min RD80
PCA1  -0.27741578524395943 -0.18720956089306262 0.5192680604612254 0.5644902562877341 0.5474527325246895 pdf flux bby_r1min RD80
PCA2  0.6415450691211119 0.6938726669161757 0.19105981697239963 0.18589106835533525 0.18947639282297724 pdf flux bby_r1min RD80
PCA3  0.2881583812141971 -0.26582730622186357 -0.7373934927210608 0.2635472977863983 0.48279835265353094 pdf flux bby_r1min RD80
PCA4  -0.609380386124697 0.5938154555963265 -0.2782330070817355 -0.22160258002070948 0.3866748504879292 pdf flux bby_r1min RD80
PCA5  0.23891567283540407 -0.24538204982968026 0.2696183569162156 -0.7267945924534475 0.5308319064348128 pdf flux bby_r1min RD80
PCA1 0.16405557111813038 -0.27469595219583653 -0.1723060109555502 0.5136375447549665 0.562063409195593 0.5368423778749494 N_pdf cloudplaw bby_r1min RD80
PCA2 -0.28051915740152666 0.6028719913219425 0.6599651117905583 0.20794317594928774 0.20166468805409482 0.19593724709124904 N_pdf cloudplaw bby_r1min RD80
PCA3 0.9453689275091344 0.22936969449980654 0.2233246426366386 -0.049447781911820456 -0.03009382727875104 -0.021036077586605764 N_pdf cloudplaw bby_r1min RD80
PCA4 -0.024921557961580198 0.2785863672495074 -0.2615135433975496 -0.7162115756276315 0.19128968723585676 0.5512063615791654 N_pdf cloudplaw bby_r1min RD80
PCA5 -0.005220470008966988 -0.6207715872857986 0.6072767849250381 -0.24796184419736736 -0.23334025580168474 0.3604130109295579 N_pdf cloudplaw bby_r1min RD80
PCA6 0.004901577064935559 0.2133291156246534 -0.218422450562771 0.340656612760475 -0.742610947788141 0.48912201797403476 N_pdf cloudplaw bby_r1min RD80
PCA1  -0.24826637097729 -0.1419681503482404 0.529799561522802 0.5774010881353656 0.5514791576830522 pdf cloudplaw bby_r1min RD80
PCA2  0.6548666796241916 0.7041459478065912 0.16460820757070496 0.1567630399520245 0.15381028382687342 pdf cloudplaw bby_r1min RD80
PCA3  0.28221103466941344 -0.25741665259840396 -0.7174511689789149 0.19058072005570795 0.550487427785312 pdf cloudplaw bby_r1min RD80
PCA4  -0.6202523041531194 0.6081559291538325 -0.24803558055807812 -0.23327324865448584 0.3598546752054014 pdf cloudplaw bby_r1min RD80
PCA5  0.21250282836545653 -0.21887567538291752 0.34052714064904255 -0.7424930392470533 0.4895726093373831 pdf cloudplaw bby_r1min RD80
PCA1 0.17908247631930868 -0.2962261437101663 -0.19347613307598638 0.5078462277673972 0.553993753365357 0.5271903399745678 N_pdf cloudexpo bby_r1min RD80
PCA2 -0.3252422166352722 0.5777737794294805 0.6417411289830728 0.2257175197576625 0.22503640083894827 0.21673371510999512 N_pdf cloudexpo bby_r1min RD80
PCA3 0.9280198899097832 0.2630669112744005 0.25900716344836616 -0.04437676542370623 -0.021818987404449847 -0.006693869283504489 N_pdf cloudexpo bby_r1min RD80
PCA4 -0.02944100783231724 0.2783153565820667 -0.26900929211812413 -0.7053455981213307 0.17032292129568377 0.5681421299240936 N_pdf cloudexpo bby_r1min RD80
PCA5 -0.007061539302998154 -0.6279732818126696 0.6102684073047584 -0.253042357338705 -0.2194223477583908 0.34784416300187765 N_pdf cloudexpo bby_r1min RD80
PCA6 0.003068036153868251 0.19342557069567237 -0.19712196829309506 0.3572557424461309 -0.7515433501161197 0.48090642827578345 N_pdf cloudexpo bby_r1min RD80
PCA1  -0.26274907705665856 -0.15473769431268347 0.5284727907778625 0.5740659171525234 0.5460622680939959 pdf cloudexpo bby_r1min RD80
PCA2  0.6482617736132527 0.7026743130819112 0.17236037134852106 0.16974041725345168 0.1657877430508324 pdf cloudexpo bby_r1min RD80
PCA3  0.2835239646342708 -0.26308807424162767 -0.7067190489350704 0.169490465291534 0.567644250140408 pdf cloudexpo bby_r1min RD80
PCA4  -0.6270319303108591 0.6116373215203865 -0.2530085358075257 -0.2194755782404082 0.3472000815935622 pdf cloudexpo bby_r1min RD80
PCA5  0.1927815220045147 -0.19745761015686045 0.3571320182746148 -0.7514918271317088 0.4812094473741242 pdf cloudexpo bby_r1min RD80
