Variable N/Nv M1 M2 M3 M4 M5 M6 pdftype site instrument
N/Nv 0.0 0.0058799428523674474 0.0070265463678162695 0.007402954678592132 0.007524210793005272 0.007843022322753461 0.008218887677051616 flux bby_r1min RD80
M1 0.0058799428523674474 0.0 0.4906953624739419 0.38921329703770313 0.33088788512859385 0.29082000326496027 0.2630198176387258 flux bby_r1min RD80
M2 0.0070265463678162695 0.4906953624739419 0.0 0.5015395538958072 0.4029802590093744 0.3452599077175944 0.30669645123560885 flux bby_r1min RD80
M3 0.007402954678592132 0.38921329703770313 0.5015395538958072 0.0 0.5207820447252856 0.42073895753716045 0.36405749538908927 flux bby_r1min RD80
M4 0.007524210793005272 0.33088788512859385 0.4029802590093744 0.5207820447252856 0.0 0.5440569295069619 0.442395655380391 flux bby_r1min RD80
M5 0.007843022322753461 0.29082000326496027 0.3452599077175944 0.42073895753716045 0.5440569295069619 0.0 0.5653015386574152 flux bby_r1min RD80
M6 0.008218887677051616 0.2630198176387258 0.30669645123560885 0.36405749538908927 0.442395655380391 0.5653015386574152 0.0 flux bby_r1min RD80
N/Nv 0.0 0.01107661519148142 0.01188585906198405 0.012949278508129698 0.013953862785976896 0.013937870400554733 0.013614808806241118 cloudplaw bby_r1min RD80
M1 0.01107661519148142 0.0 0.48128805145968717 0.37743514483247753 0.31820085447876645 0.27684394346181773 0.2457380663521664 cloudplaw bby_r1min RD80
M2 0.01188585906198405 0.48128805145968717 0.0 0.49015195477790546 0.3852927794452469 0.3290826123602856 0.28752429425824344 cloudplaw bby_r1min RD80
M3 0.012949278508129698 0.37743514483247753 0.49015195477790546 0.0 0.5003431280767292 0.40067969399166703 0.3442843322434077 cloudplaw bby_r1min RD80
M4 0.013953862785976896 0.31820085447876645 0.3852927794452469 0.5003431280767292 0.0 0.5209816856378806 0.41916412491658356 cloudplaw bby_r1min RD80
M5 0.013937870400554733 0.27684394346181773 0.3290826123602856 0.40067969399166703 0.5209816856378806 0.0 0.5440523154279537 cloudplaw bby_r1min RD80
M6 0.013614808806241118 0.2457380663521664 0.28752429425824344 0.3442843322434077 0.41916412491658356 0.5440523154279537 0.0 cloudplaw bby_r1min RD80
N/Nv 0.0 0.014027171411903627 0.014913804438985113 0.016077172434313197 0.017008581041231315 0.016434686578772187 0.016586819752306994 cloudexpo bby_r1min RD80
M1 0.014027171411903627 0.0 0.47958170717729787 0.37171177256049776 0.31158382895374065 0.2705479562014874 0.2382279069707718 cloudexpo bby_r1min RD80
M2 0.014913804438985113 0.47958170717729787 0.0 0.48474419133681707 0.3778177339507021 0.3210488994937184 0.2811630762510844 cloudexpo bby_r1min RD80
M3 0.016077172434313197 0.37171177256049776 0.48474419133681707 0.0 0.49463711396791027 0.392010735884594 0.3360238472529993 cloudexpo bby_r1min RD80
M4 0.017008581041231315 0.31158382895374065 0.3778177339507021 0.49463711396791027 0.0 0.5105665681680968 0.41165501046639597 cloudexpo bby_r1min RD80
M5 0.016434686578772187 0.2705479562014874 0.3210488994937184 0.392010735884594 0.5105665681680968 0.0 0.5350583866785652 cloudexpo bby_r1min RD80
M6 0.016586819752306994 0.2382279069707718 0.2811630762510844 0.3360238472529993 0.41165501046639597 0.5350583866785652 0.0 cloudexpo bby_r1min RD80
