Variable N/Nv mu sigma gamma kappa eta pdftype site instrument
N 0.0 0.005884409678021108 0.005990480199943496 0.0007937370629282014 0.002951724534840461 0.005783217637086712 flux bby_r1min RD80
mu 0.005884409678021108 0.0 0.17472731957973328 0.012112258187296695 0.011066323329101659 0.010719541825596042 flux bby_r1min RD80
sigma 0.005990480199943496 0.17472731957973328 0.0 0.008644204243981567 0.007709783026137136 0.004313360501110437 flux bby_r1min RD80
gamma 0.0007937370629282014 0.012112258187296695 0.008644204243981567 0.0 0.12547860749291645 0.1768111078056754 flux bby_r1min RD80
kappa 0.002951724534840461 0.011066323329101659 0.007709783026137136 0.12547860749291645 0.0 0.28539701819224295 flux bby_r1min RD80
eta 0.005783217637086712 0.010719541825596042 0.004313360501110437 0.1768111078056754 0.28539701819224295 0.0 flux bby_r1min RD80
Nv 0.0 0.010957854383635853 0.009773758158518329 0.0011653269500803381 0.0023878291500796507 0.004522400609922432 cloudplaw bby_r1min RD80
mu 0.010957854383635853 0.0 0.1724723701177127 0.014376683025713642 0.010650319191052447 0.008962675508969556 cloudplaw bby_r1min RD80
sigma 0.009773758158518329 0.1724723701177127 0.0 0.010040285635105204 0.007003381686385306 0.003626063315779756 cloudplaw bby_r1min RD80
gamma 0.0011653269500803381 0.014376683025713642 0.010040285635105204 0.0 0.14869646279124402 0.1795456823209428 cloudplaw bby_r1min RD80
kappa 0.0023878291500796507 0.010650319191052447 0.007003381686385306 0.14869646279124402 0.0 0.31516795280010174 cloudplaw bby_r1min RD80
eta 0.004522400609922432 0.008962675508969556 0.003626063315779756 0.1795456823209428 0.31516795280010174 0.0 cloudplaw bby_r1min RD80
Nv 0.0 0.014080707801289116 0.011831255722864038 0.000792666547428679 0.0016303332033272906 0.005274802566541587 cloudexpo bby_r1min RD80
mu 0.014080707801289116 0.0 0.17398488185295582 0.01613388674371362 0.011981127130661821 0.009558310935212418 cloudexpo bby_r1min RD80
sigma 0.011831255722864038 0.17398488185295582 0.0 0.01073024879027281 0.007117214050461873 0.0034729282649821535 cloudexpo bby_r1min RD80
gamma 0.000792666547428679 0.01613388674371362 0.01073024879027281 0.0 0.1619220354776497 0.18293416390530512 cloudexpo bby_r1min RD80
kappa 0.0016303332033272906 0.011981127130661821 0.007117214050461873 0.1619220354776497 0.0 0.3287810951104908 cloudexpo bby_r1min RD80
eta 0.005274802566541587 0.009558310935212418 0.0034729282649821535 0.18293416390530512 0.3287810951104908 0.0 cloudexpo bby_r1min RD80
