Variable N/Nv mu sigma gamma kappa eta omega pdftype site instrument
N 1.0000000000000087 -0.12206043947271214 -0.10938743562100094 0.10315018644118039 0.13707851362776025 0.13074801664676522 0.1092948596258726 flux bby_r1min RD80
mu -0.12206043947271214 0.999999999999995 0.8867667485020021 -0.24209880784749807 -0.20397160607143763 -0.18750278458950992 -0.13267512040562646 flux bby_r1min RD80
sigma -0.10938743562100094 0.8867667485020021 0.9999999999999944 0.005279695525086633 -0.09789453748026064 -0.08277510356663538 -0.07933644032197765 flux bby_r1min RD80
gamma 0.10315018644118039 -0.24209880784749807 0.005279695525086633 0.999999999999999 0.836405985182688 0.7587767152794763 0.5627925311932521 flux bby_r1min RD80
kappa 0.13707851362776025 -0.20397160607143763 -0.09789453748026064 0.836405985182688 0.9999999999999957 0.9636220084291309 0.8544144783408808 flux bby_r1min RD80
eta 0.13074801664676522 -0.18750278458950992 -0.08277510356663538 0.7587767152794763 0.9636220084291309 0.9999999999999979 0.9543814066332016 flux bby_r1min RD80
omega 0.1092948596258726 -0.13267512040562646 -0.07933644032197765 0.5627925311932521 0.8544144783408808 0.9543814066332016 0.9999999999999982 flux bby_r1min RD80
Nv 0.9999999999999974 -0.2618019167228611 -0.24563665584526984 0.0941326247964809 0.12870050775939051 0.12449179071881414 0.10104344366083992 cloudplaw bby_r1min RD80
mu -0.2618019167228611 1.0000000000000022 0.8805988324193269 -0.22342894425238302 -0.19022180058511992 -0.16561698164758906 -0.11237143515321073 cloudplaw bby_r1min RD80
sigma -0.24563665584526984 0.8805988324193269 1.0000000000000062 0.04514730175763174 -0.051991539665085365 -0.053476573024065055 -0.056003869721814696 cloudplaw bby_r1min RD80
gamma 0.0941326247964809 -0.22342894425238302 0.04514730175763174 1.0000000000000036 0.8570457710433912 0.7339641188970422 0.5174959219749077 cloudplaw bby_r1min RD80
kappa 0.12870050775939051 -0.19022180058511992 -0.051991539665085365 0.8570457710433912 1.0000000000000024 0.9524455353379709 0.807924725034129 cloudplaw bby_r1min RD80
eta 0.12449179071881414 -0.16561698164758906 -0.053476573024065055 0.7339641188970422 0.9524455353379709 0.999999999999997 0.9447567109640557 cloudplaw bby_r1min RD80
omega 0.10104344366083992 -0.11237143515321073 -0.056003869721814696 0.5174959219749077 0.807924725034129 0.9447567109640557 1.0000000000000016 cloudplaw bby_r1min RD80
Nv 0.9999999999999946 -0.3143171196004231 -0.3000464908629979 0.09346326567332247 0.12671888960160646 0.1257560494014348 0.10384992407301809 cloudexpo bby_r1min RD80
mu -0.3143171196004231 0.9999999999999979 0.8792019780007249 -0.24021949086451588 -0.2049851432468016 -0.17525387380368085 -0.11882210894803184 cloudexpo bby_r1min RD80
sigma -0.3000464908629979 0.8792019780007249 0.999999999999999 0.03230558779784502 -0.05722180138641486 -0.061818517856279356 -0.06092875933631557 cloudexpo bby_r1min RD80
gamma 0.09346326567332247 -0.24021949086451588 0.03230558779784502 1.0000000000000062 0.8683377479749751 0.735320433966992 0.5212671939641604 cloudexpo bby_r1min RD80
kappa 0.12671888960160646 -0.2049851432468016 -0.05722180138641486 0.8683377479749751 1.0000000000000016 0.9507831708894205 0.8039630876470091 cloudexpo bby_r1min RD80
eta 0.1257560494014348 -0.17525387380368085 -0.061818517856279356 0.735320433966992 0.9507831708894205 0.9999999999999984 0.9451327585654998 cloudexpo bby_r1min RD80
omega 0.10384992407301809 -0.11882210894803184 -0.06092875933631557 0.5212671939641604 0.8039630876470091 0.9451327585654998 0.9999999999999974 cloudexpo bby_r1min RD80
